{
  "anthropic_1": {
    "model": "claude-opus-4-6",
    "n_chars_used": 60,
    "hexaco_keys": [
      "H",
      "E",
      "X",
      "A_HEX",
      "C",
      "O"
    ],
    "ocean_keys": [
      "O",
      "C",
      "E",
      "A",
      "N"
    ],
    "hexaco_corr_6x6": [
      [
        1.0,
        0.5818181714704799,
        -0.5282965936732926,
        0.7118600858597974,
        0.19086640258724522,
        0.30315138168256917
      ],
      [
        0.58181817147048,
        0.9999999999999999,
        -0.5380884098705275,
        0.46724965315867323,
        -0.0226168996888386,
        0.19358365424149346
      ],
      [
        -0.5282965936732926,
        -0.5380884098705274,
        1.0,
        -0.23101881495238663,
        -0.33181568734940564,
        -0.14627690261563764
      ],
      [
        0.7118600858597974,
        0.4672496531586732,
        -0.23101881495238663,
        1.0,
        0.10190039518988708,
        0.2119718622581146
      ],
      [
        0.19086640258724522,
        -0.022616899688838604,
        -0.3318156873494057,
        0.10190039518988708,
        1.0,
        0.12820999930858556
      ],
      [
        0.30315138168256917,
        0.19358365424149343,
        -0.14627690261563764,
        0.21197186225811462,
        0.12820999930858556,
        1.0
      ]
    ],
    "ocean_corr_5x5": [
      [
        0.9999999999999999,
        0.1788725340886344,
        -0.21121618809583823,
        0.25104840236287956,
        -0.013101054965493669
      ],
      [
        0.1788725340886344,
        1.0,
        -0.3312276265314313,
        0.002022207961708915,
        -0.1820128008859899
      ],
      [
        -0.21121618809583823,
        -0.3312276265314313,
        1.0,
        -0.14222268331553395,
        -0.31677198104753534
      ],
      [
        0.25104840236287956,
        0.0020222079617089146,
        -0.14222268331553395,
        1.0,
        0.01934428216016288
      ],
      [
        -0.013101054965493669,
        -0.18201280088598992,
        -0.31677198104753534,
        0.01934428216016288,
        1.0
      ]
    ],
    "combined_corr_11x11": [
      [
        1.0,
        0.5818181714704799,
        -0.5282965936732926,
        0.7118600858597974,
        0.19086640258724522,
        0.30315138168256917,
        0.3681951484735896,
        0.17843374279448856,
        -0.47739418341191747,
        0.7417330557126237,
        0.019043317047640205
      ],
      [
        0.58181817147048,
        0.9999999999999999,
        -0.5380884098705275,
        0.46724965315867323,
        -0.0226168996888386,
        0.19358365424149346,
        0.20828381183921593,
        -0.015533851625220401,
        -0.45152824844647954,
        0.5662311739684486,
        0.6517733876868964
      ],
      [
        -0.5282965936732926,
        -0.5380884098705274,
        1.0,
        -0.23101881495238663,
        -0.33181568734940564,
        -0.14627690261563764,
        -0.18922110927933206,
        -0.26788208969311955,
        0.9407990388119319,
        -0.2116210073539289,
        -0.3734701897526236
      ],
      [
        0.7118600858597974,
        0.4672496531586732,
        -0.23101881495238663,
        1.0,
        0.10190039518988708,
        0.2119718622581146,
        0.24649219888474752,
        0.10417058755510578,
        -0.17569773540599218,
        0.9240850242465628,
        -0.04124994482251691
      ],
      [
        0.19086640258724522,
        -0.022616899688838604,
        -0.3318156873494057,
        0.10190039518988708,
        1.0,
        0.12820999930858556,
        0.1537603531350248,
        0.9643434436832363,
        -0.38529900055404576,
        -0.02198730801996238,
        -0.14807979822888953
      ],
      [
        0.30315138168256917,
        0.19358365424149343,
        -0.14627690261563764,
        0.21197186225811462,
        0.12820999930858556,
        1.0,
        0.9495797656661341,
        0.14144529459706573,
        -0.19902634807189767,
        0.21942715699523468,
        -0.007761257748296178
      ],
      [
        0.3681951484735896,
        0.2082838118392159,
        -0.18922110927933208,
        0.24649219888474755,
        0.15376035313502479,
        0.9495797656661342,
        0.9999999999999999,
        0.1788725340886344,
        -0.21121618809583823,
        0.25104840236287956,
        -0.013101054965493669
      ],
      [
        0.1784337427944886,
        -0.015533851625220401,
        -0.26788208969311955,
        0.10417058755510579,
        0.9643434436832362,
        0.14144529459706573,
        0.1788725340886344,
        1.0,
        -0.3312276265314313,
        0.002022207961708915,
        -0.1820128008859899
      ],
      [
        -0.4773941834119175,
        -0.45152824844647954,
        0.9407990388119319,
        -0.17569773540599215,
        -0.38529900055404576,
        -0.1990263480718977,
        -0.21121618809583823,
        -0.3312276265314313,
        1.0,
        -0.14222268331553395,
        -0.31677198104753534
      ],
      [
        0.7417330557126237,
        0.5662311739684486,
        -0.21162100735392889,
        0.9240850242465627,
        -0.021987308019962376,
        0.21942715699523468,
        0.25104840236287956,
        0.0020222079617089146,
        -0.14222268331553395,
        1.0,
        0.01934428216016288
      ],
      [
        0.019043317047640205,
        0.6517733876868964,
        -0.37347018975262364,
        -0.04124994482251692,
        -0.14807979822888956,
        -0.007761257748296178,
        -0.013101054965493669,
        -0.18201280088598992,
        -0.31677198104753534,
        0.01934428216016288,
        1.0
      ]
    ]
  },
  "anthropic_2": {
    "model": "claude-sonnet-4-5-20250929",
    "n_chars_used": 59,
    "hexaco_keys": [
      "H",
      "E",
      "X",
      "A_HEX",
      "C",
      "O"
    ],
    "ocean_keys": [
      "O",
      "C",
      "E",
      "A",
      "N"
    ],
    "hexaco_corr_6x6": [
      [
        0.9999999999999999,
        0.5256918240972923,
        -0.2960859571459824,
        0.777438312341472,
        0.1319020582906985,
        0.18821657565161426
      ],
      [
        0.5256918240972923,
        1.0,
        -0.3393010150413987,
        0.4716053407078429,
        -0.1634227877009067,
        0.19666292174210445
      ],
      [
        -0.29608595714598235,
        -0.33930101504139865,
        1.0,
        -0.07913625021661028,
        -0.34167595282860014,
        -0.1345287062174276
      ],
      [
        0.777438312341472,
        0.4716053407078428,
        -0.07913625021661028,
        0.9999999999999999,
        0.13670020948503284,
        0.2030755294829079
      ],
      [
        0.1319020582906985,
        -0.16342278770090668,
        -0.34167595282860014,
        0.13670020948503286,
        1.0,
        0.0534046782062606
      ],
      [
        0.1882165756516143,
        0.19666292174210445,
        -0.1345287062174276,
        0.2030755294829079,
        0.053404678206260596,
        1.0
      ]
    ],
    "ocean_corr_5x5": [
      [
        1.0,
        0.003147211301052125,
        -0.08796268346758125,
        0.29862321945378767,
        -0.057889755430450836
      ],
      [
        0.0031472113010521247,
        1.0,
        -0.33090612692688787,
        0.05084517874196729,
        -0.29682550385881173
      ],
      [
        -0.08796268346758124,
        -0.3309061269268878,
        1.0,
        -0.07429200949301332,
        -0.2146375646571846
      ],
      [
        0.29862321945378767,
        0.05084517874196729,
        -0.07429200949301333,
        1.0,
        -0.005543799385859737
      ],
      [
        -0.057889755430450836,
        -0.29682550385881173,
        -0.21463756465718464,
        -0.005543799385859737,
        1.0
      ]
    ],
    "combined_corr_11x11": [
      [
        0.9999999999999999,
        0.5256918240972923,
        -0.2960859571459824,
        0.777438312341472,
        0.1319020582906985,
        0.18821657565161426,
        0.2029535904549144,
        0.12421368748675299,
        -0.3363215366755356,
        0.7526178394073676,
        -0.04231889034371184
      ],
      [
        0.5256918240972923,
        1.0,
        -0.3393010150413987,
        0.4716053407078429,
        -0.1634227877009067,
        0.19666292174210445,
        0.18079143846330797,
        -0.1683762318305111,
        -0.27544245505234566,
        0.5021823105244102,
        0.6374241253785449
      ],
      [
        -0.29608595714598235,
        -0.33930101504139865,
        1.0,
        -0.07913625021661028,
        -0.34167595282860014,
        -0.1345287062174276,
        -0.09938114745662396,
        -0.24357322803255513,
        0.8931633243553465,
        -0.02208495425069373,
        -0.3458595718333274
      ],
      [
        0.777438312341472,
        0.4716053407078428,
        -0.07913625021661028,
        0.9999999999999999,
        0.13670020948503284,
        0.2030755294829079,
        0.2288821993200789,
        0.169382599070628,
        -0.1638427875843922,
        0.9264463628805066,
        -0.013869942607046562
      ],
      [
        0.1319020582906985,
        -0.16342278770090668,
        -0.34167595282860014,
        0.13670020948503286,
        1.0,
        0.0534046782062606,
        -0.011943932581079834,
        0.9044297962124088,
        -0.43026017403181543,
        -0.041774863441777436,
        -0.23414135867400163
      ],
      [
        0.1882165756516143,
        0.19666292174210445,
        -0.1345287062174276,
        0.2030755294829079,
        0.053404678206260596,
        1.0,
        0.8642977717297091,
        0.03959652913484177,
        -0.1148213619659725,
        0.2359527094553051,
        0.010106916956267418
      ],
      [
        0.20295359045491443,
        0.18079143846330797,
        -0.09938114745662396,
        0.2288821993200789,
        -0.011943932581079834,
        0.8642977717297092,
        1.0,
        0.003147211301052125,
        -0.08796268346758125,
        0.29862321945378767,
        -0.057889755430450836
      ],
      [
        0.12421368748675299,
        -0.16837623183051112,
        -0.24357322803255516,
        0.16938259907062803,
        0.9044297962124088,
        0.039596529134841775,
        0.0031472113010521247,
        1.0,
        -0.33090612692688787,
        0.05084517874196729,
        -0.29682550385881173
      ],
      [
        -0.3363215366755356,
        -0.27544245505234566,
        0.8931633243553465,
        -0.1638427875843922,
        -0.43026017403181543,
        -0.11482136196597248,
        -0.08796268346758124,
        -0.3309061269268878,
        1.0,
        -0.07429200949301332,
        -0.2146375646571846
      ],
      [
        0.7526178394073676,
        0.5021823105244103,
        -0.02208495425069373,
        0.9264463628805065,
        -0.04177486344177744,
        0.2359527094553051,
        0.29862321945378767,
        0.05084517874196729,
        -0.07429200949301333,
        1.0,
        -0.005543799385859737
      ],
      [
        -0.04231889034371184,
        0.6374241253785448,
        -0.3458595718333274,
        -0.01386994260704656,
        -0.23414135867400163,
        0.010106916956267418,
        -0.057889755430450836,
        -0.29682550385881173,
        -0.21463756465718464,
        -0.005543799385859737,
        1.0
      ]
    ]
  },
  "anthropic_3": {
    "model": "claude-sonnet-4-20250514",
    "n_chars_used": 59,
    "hexaco_keys": [
      "H",
      "E",
      "X",
      "A_HEX",
      "C",
      "O"
    ],
    "ocean_keys": [
      "O",
      "C",
      "E",
      "A",
      "N"
    ],
    "hexaco_corr_6x6": [
      [
        1.0,
        0.3684663144180264,
        -0.3427409623393239,
        0.8272633374619311,
        0.10857438514501479,
        0.3173623230972591
      ],
      [
        0.36846631441802646,
        1.0,
        -0.3254408872967139,
        0.41164941397100324,
        -0.41012330077415754,
        0.2551023186664752
      ],
      [
        -0.3427409623393239,
        -0.32544088729671394,
        1.0,
        -0.17821957572973338,
        -0.2519129103475829,
        -0.062394679430905604
      ],
      [
        0.8272633374619311,
        0.4116494139710033,
        -0.17821957572973338,
        0.9999999999999999,
        0.047593650729696554,
        0.26864390529452636
      ],
      [
        0.10857438514501479,
        -0.4101233007741576,
        -0.2519129103475829,
        0.047593650729696554,
        1.0,
        -0.13889561609123685
      ],
      [
        0.31736232309725904,
        0.25510231866647515,
        -0.06239467943090561,
        0.26864390529452636,
        -0.13889561609123685,
        0.9999999999999999
      ]
    ],
    "ocean_corr_5x5": [
      [
        0.9999999999999998,
        -0.1054829286547583,
        -0.14427558040475677,
        0.30550911991673885,
        0.15278713252408402
      ],
      [
        -0.1054829286547583,
        1.0,
        -0.19500783129304616,
        -0.01939766435217349,
        -0.2929366102113451
      ],
      [
        -0.14427558040475677,
        -0.19500783129304614,
        0.9999999999999999,
        -0.018253724357931086,
        -0.37584903852633106
      ],
      [
        0.3055091199167388,
        -0.019397664352173494,
        -0.018253724357931086,
        0.9999999999999999,
        0.008636538146444706
      ],
      [
        0.15278713252408402,
        -0.2929366102113451,
        -0.37584903852633106,
        0.008636538146444706,
        1.0
      ]
    ],
    "combined_corr_11x11": [
      [
        1.0,
        0.3684663144180264,
        -0.3427409623393239,
        0.8272633374619311,
        0.10857438514501479,
        0.3173623230972591,
        0.3770317721018578,
        0.051821343645033685,
        -0.3349952209473083,
        0.7645648998363314,
        0.06884592271149653
      ],
      [
        0.36846631441802646,
        1.0,
        -0.3254408872967139,
        0.41164941397100324,
        -0.41012330077415754,
        0.2551023186664752,
        0.2743605673490099,
        -0.41133218705129476,
        -0.3200918657902956,
        0.39787501652210383,
        0.6884214251198711
      ],
      [
        -0.3427409623393239,
        -0.32544088729671394,
        1.0,
        -0.17821957572973338,
        -0.2519129103475829,
        -0.062394679430905604,
        -0.08753001717513037,
        -0.22604911507582737,
        0.8655896236999336,
        -0.06950790203264605,
        -0.3705294605924424
      ],
      [
        0.8272633374619311,
        0.4116494139710033,
        -0.17821957572973338,
        0.9999999999999999,
        0.047593650729696554,
        0.26864390529452636,
        0.34992950379079996,
        0.0653423806364162,
        -0.13926401577195938,
        0.8900782323592685,
        0.11888521026311694
      ],
      [
        0.10857438514501479,
        -0.4101233007741576,
        -0.2519129103475829,
        0.047593650729696554,
        1.0,
        -0.13889561609123685,
        -0.18372149057259746,
        0.8289509147495802,
        -0.23833701374214367,
        -0.05635985019034095,
        -0.2808690159311155
      ],
      [
        0.31736232309725904,
        0.25510231866647515,
        -0.06239467943090561,
        0.26864390529452636,
        -0.13889561609123685,
        0.9999999999999999,
        0.9033787815396487,
        -0.10368016158766398,
        -0.14653784140526582,
        0.17439968331645728,
        0.1721923510415554
      ],
      [
        0.3770317721018578,
        0.27436056734900993,
        -0.08753001717513037,
        0.34992950379079996,
        -0.18372149057259746,
        0.9033787815396487,
        0.9999999999999998,
        -0.1054829286547583,
        -0.14427558040475677,
        0.30550911991673885,
        0.15278713252408402
      ],
      [
        0.051821343645033685,
        -0.4113321870512947,
        -0.22604911507582734,
        0.0653423806364162,
        0.8289509147495802,
        -0.103680161587664,
        -0.1054829286547583,
        1.0,
        -0.19500783129304616,
        -0.01939766435217349,
        -0.2929366102113451
      ],
      [
        -0.3349952209473083,
        -0.3200918657902956,
        0.8655896236999338,
        -0.1392640157719594,
        -0.23833701374214367,
        -0.14653784140526582,
        -0.14427558040475677,
        -0.19500783129304614,
        0.9999999999999999,
        -0.018253724357931086,
        -0.37584903852633106
      ],
      [
        0.7645648998363314,
        0.3978750165221038,
        -0.06950790203264605,
        0.8900782323592685,
        -0.056359850190340954,
        0.17439968331645725,
        0.3055091199167388,
        -0.019397664352173494,
        -0.018253724357931086,
        0.9999999999999999,
        0.008636538146444706
      ],
      [
        0.06884592271149653,
        0.6884214251198713,
        -0.3705294605924424,
        0.11888521026311694,
        -0.2808690159311155,
        0.17219235104155542,
        0.15278713252408402,
        -0.2929366102113451,
        -0.37584903852633106,
        0.008636538146444706,
        1.0
      ]
    ]
  },
  "anthropic_4": {
    "model": "claude-haiku-4-5-20251001",
    "n_chars_used": 60,
    "hexaco_keys": [
      "H",
      "E",
      "X",
      "A_HEX",
      "C",
      "O"
    ],
    "ocean_keys": [
      "O",
      "C",
      "E",
      "A",
      "N"
    ],
    "hexaco_corr_6x6": [
      [
        1.0,
        0.29102305523807187,
        -0.08879207636395699,
        0.789318732795127,
        0.39019249116141763,
        0.3383823724024344
      ],
      [
        0.29102305523807187,
        0.9999999999999999,
        -0.328388093211876,
        0.3790824681417584,
        -0.056327545501429564,
        0.3551048897387502
      ],
      [
        -0.08879207636395697,
        -0.328388093211876,
        1.0,
        -0.020071239259159556,
        -0.16722309072514968,
        -0.0725119814432311
      ],
      [
        0.7893187327951271,
        0.3790824681417584,
        -0.020071239259159556,
        0.9999999999999998,
        0.3629872632379119,
        0.350507406369659
      ],
      [
        0.3901924911614177,
        -0.056327545501429564,
        -0.16722309072514968,
        0.3629872632379119,
        1.0,
        -0.03381578026421221
      ],
      [
        0.33838237240243435,
        0.35510488973875026,
        -0.07251198144323108,
        0.350507406369659,
        -0.03381578026421221,
        1.0
      ]
    ],
    "ocean_corr_5x5": [
      [
        0.9999999999999998,
        0.018542212741617208,
        0.05814146903423316,
        0.40191489751681025,
        -0.13446437270471914
      ],
      [
        0.018542212741617208,
        0.9999999999999999,
        0.04683288926908189,
        0.13830421920686367,
        -0.28472562139825747
      ],
      [
        0.05814146903423316,
        0.04683288926908189,
        1.0,
        -0.18116567165091824,
        -0.15496420506837663
      ],
      [
        0.4019148975168102,
        0.13830421920686367,
        -0.1811656716509182,
        1.0,
        -0.22144401489154536
      ],
      [
        -0.13446437270471914,
        -0.28472562139825747,
        -0.15496420506837663,
        -0.22144401489154533,
        1.0
      ]
    ],
    "combined_corr_11x11": [
      [
        1.0,
        0.29102305523807187,
        -0.08879207636395699,
        0.789318732795127,
        0.39019249116141763,
        0.3383823724024344,
        0.29741533844098467,
        0.21426277780219916,
        -0.29649316104245244,
        0.6719187010809958,
        -0.28909422008725844
      ],
      [
        0.29102305523807187,
        0.9999999999999999,
        -0.328388093211876,
        0.3790824681417584,
        -0.056327545501429564,
        0.3551048897387502,
        0.30417545995350936,
        -0.18785300122920934,
        -0.41618962067514365,
        0.31457354527583903,
        0.362480062139036
      ],
      [
        -0.08879207636395697,
        -0.328388093211876,
        1.0,
        -0.020071239259159556,
        -0.16722309072514968,
        -0.0725119814432311,
        -0.08173187241201747,
        -0.14304721072047977,
        0.5928181105085218,
        0.057003990462168516,
        -0.1647975374287882
      ],
      [
        0.7893187327951271,
        0.3790824681417584,
        -0.020071239259159556,
        0.9999999999999998,
        0.3629872632379119,
        0.350507406369659,
        0.3712667803253019,
        0.29287541417128987,
        -0.19903039618144644,
        0.8307205724470765,
        -0.26063431842424456
      ],
      [
        0.3901924911614177,
        -0.056327545501429564,
        -0.16722309072514968,
        0.3629872632379119,
        1.0,
        -0.03381578026421221,
        -0.06970875508006547,
        0.8847366436440254,
        -0.12243468000107573,
        0.18891089574964534,
        -0.2675868813627288
      ],
      [
        0.33838237240243435,
        0.35510488973875026,
        -0.07251198144323108,
        0.350507406369659,
        -0.03381578026421221,
        1.0,
        0.8250761611668881,
        -0.031398609129889364,
        -0.12658035025984343,
        0.4062284697062207,
        -0.09315352623005048
      ],
      [
        0.29741533844098467,
        0.30417545995350936,
        -0.08173187241201747,
        0.3712667803253019,
        -0.06970875508006547,
        0.8250761611668882,
        0.9999999999999998,
        0.018542212741617208,
        0.05814146903423316,
        0.40191489751681025,
        -0.13446437270471914
      ],
      [
        0.21426277780219916,
        -0.18785300122920934,
        -0.14304721072047977,
        0.2928754141712899,
        0.8847366436440254,
        -0.031398609129889364,
        0.018542212741617208,
        0.9999999999999999,
        0.04683288926908189,
        0.13830421920686367,
        -0.28472562139825747
      ],
      [
        -0.29649316104245244,
        -0.41618962067514365,
        0.5928181105085217,
        -0.19903039618144647,
        -0.12243468000107571,
        -0.1265803502598434,
        0.05814146903423316,
        0.04683288926908189,
        1.0,
        -0.18116567165091824,
        -0.15496420506837663
      ],
      [
        0.6719187010809958,
        0.314573545275839,
        0.05700399046216851,
        0.8307205724470765,
        0.1889108957496453,
        0.4062284697062207,
        0.4019148975168102,
        0.13830421920686367,
        -0.1811656716509182,
        1.0,
        -0.22144401489154536
      ],
      [
        -0.28909422008725844,
        0.362480062139036,
        -0.1647975374287882,
        -0.26063431842424456,
        -0.2675868813627288,
        -0.09315352623005048,
        -0.13446437270471914,
        -0.28472562139825747,
        -0.15496420506837663,
        -0.22144401489154533,
        1.0
      ]
    ]
  },
  "openai_1": {
    "model": "gpt-5.2-2025-12-11",
    "n_chars_used": 60,
    "hexaco_keys": [
      "H",
      "E",
      "X",
      "A_HEX",
      "C",
      "O"
    ],
    "ocean_keys": [
      "O",
      "C",
      "E",
      "A",
      "N"
    ],
    "hexaco_corr_6x6": [
      [
        1.0,
        0.4442475229065249,
        -0.17263613316836268,
        0.8057855396396606,
        0.05709271075905266,
        0.2950327674652561
      ],
      [
        0.4442475229065249,
        1.0,
        -0.2802352450534023,
        0.4500022177863048,
        -0.1047523667589874,
        0.29303950369621706
      ],
      [
        -0.17263613316836268,
        -0.2802352450534023,
        1.0,
        -0.04347060173474324,
        -0.46687879522842946,
        0.13320368942160976
      ],
      [
        0.8057855396396606,
        0.45000221778630484,
        -0.04347060173474325,
        1.0,
        0.14794117185702374,
        0.2875999098647067
      ],
      [
        0.05709271075905266,
        -0.1047523667589874,
        -0.4668787952284294,
        0.14794117185702374,
        0.9999999999999998,
        -0.03567026245561405
      ],
      [
        0.2950327674652561,
        0.29303950369621706,
        0.13320368942160976,
        0.2875999098647067,
        -0.03567026245561405,
        1.0
      ]
    ],
    "ocean_corr_5x5": [
      [
        1.0,
        -0.05634755164312427,
        0.09186134877161516,
        0.2957202867864526,
        0.05732373458534365
      ],
      [
        -0.05634755164312427,
        1.0,
        -0.4551749078954251,
        0.15573807013456867,
        -0.2728099506701566
      ],
      [
        0.09186134877161516,
        -0.4551749078954251,
        0.9999999999999998,
        -0.03205034259651041,
        -0.10958051006194122
      ],
      [
        0.2957202867864527,
        0.15573807013456867,
        -0.03205034259651041,
        0.9999999999999999,
        0.04183060038961638
      ],
      [
        0.05732373458534365,
        -0.2728099506701567,
        -0.10958051006194124,
        0.04183060038961638,
        1.0
      ]
    ],
    "combined_corr_11x11": [
      [
        1.0,
        0.4442475229065249,
        -0.17263613316836268,
        0.8057855396396606,
        0.05709271075905266,
        0.2950327674652561,
        0.3451789954012463,
        0.11146905867924997,
        -0.2039427527138907,
        0.8036415018061949,
        0.0075350208017936635
      ],
      [
        0.4442475229065249,
        1.0,
        -0.2802352450534023,
        0.4500022177863048,
        -0.1047523667589874,
        0.29303950369621706,
        0.1983414165700354,
        -0.04744301644794739,
        -0.1965310034217342,
        0.46674031936673077,
        0.7717509450336086
      ],
      [
        -0.17263613316836268,
        -0.2802352450534023,
        1.0,
        -0.04347060173474324,
        -0.46687879522842946,
        0.13320368942160976,
        0.1415170060676884,
        -0.5218824353576582,
        0.8658992094694689,
        -0.026409756220708198,
        -0.1761532545429171
      ],
      [
        0.8057855396396606,
        0.45000221778630484,
        -0.04347060173474325,
        1.0,
        0.14794117185702374,
        0.2875999098647067,
        0.31817867823774804,
        0.20327602244475007,
        -0.0800378364220442,
        0.9174875162798668,
        -0.021018426321446227
      ],
      [
        0.05709271075905266,
        -0.1047523667589874,
        -0.4668787952284294,
        0.14794117185702374,
        0.9999999999999998,
        -0.03567026245561405,
        0.004130044556646524,
        0.9294239129095487,
        -0.43031751646312427,
        0.11320944203828037,
        -0.28556305300492973
      ],
      [
        0.2950327674652561,
        0.29303950369621706,
        0.13320368942160976,
        0.2875999098647067,
        -0.03567026245561405,
        1.0,
        0.8926645766870684,
        -0.0984175115731298,
        0.1291171881863257,
        0.2785630986424923,
        0.18697748296386144
      ],
      [
        0.3451789954012463,
        0.1983414165700354,
        0.14151700606768838,
        0.31817867823774804,
        0.004130044556646524,
        0.8926645766870686,
        1.0,
        -0.05634755164312427,
        0.09186134877161516,
        0.2957202867864526,
        0.05732373458534365
      ],
      [
        0.11146905867924997,
        -0.04744301644794739,
        -0.5218824353576582,
        0.20327602244475007,
        0.9294239129095486,
        -0.0984175115731298,
        -0.05634755164312427,
        1.0,
        -0.4551749078954251,
        0.15573807013456867,
        -0.2728099506701566
      ],
      [
        -0.20394275271389073,
        -0.19653100342173419,
        0.8658992094694687,
        -0.08003783642204419,
        -0.4303175164631242,
        0.1291171881863257,
        0.09186134877161516,
        -0.4551749078954251,
        0.9999999999999998,
        -0.03205034259651041,
        -0.10958051006194122
      ],
      [
        0.8036415018061949,
        0.4667403193667307,
        -0.0264097562207082,
        0.9174875162798669,
        0.11320944203828036,
        0.2785630986424923,
        0.2957202867864527,
        0.15573807013456867,
        -0.03205034259651041,
        0.9999999999999999,
        0.04183060038961638
      ],
      [
        0.007535020801793663,
        0.7717509450336087,
        -0.1761532545429171,
        -0.021018426321446227,
        -0.28556305300492973,
        0.18697748296386144,
        0.05732373458534365,
        -0.2728099506701567,
        -0.10958051006194124,
        0.04183060038961638,
        1.0
      ]
    ]
  },
  "openai_2": {
    "model": "gpt-5",
    "n_chars_used": 53,
    "hexaco_keys": [
      "H",
      "E",
      "X",
      "A_HEX",
      "C",
      "O"
    ],
    "ocean_keys": [
      "O",
      "C",
      "E",
      "A",
      "N"
    ],
    "hexaco_corr_6x6": [
      [
        0.9999999999999998,
        0.3946700233057181,
        -0.30532293559358775,
        0.7326564830011394,
        0.11139030925684437,
        0.45957386237946346
      ],
      [
        0.39467002330571804,
        0.9999999999999998,
        -0.3519592311392668,
        0.42092758536240393,
        -0.12945411717409433,
        0.36242380698633525
      ],
      [
        -0.30532293559358775,
        -0.35195923113926675,
        0.9999999999999999,
        -0.19171348790861642,
        -0.1386070943138215,
        -0.36822735985770677
      ],
      [
        0.7326564830011394,
        0.42092758536240393,
        -0.1917134879086164,
        1.0,
        0.3153327720181231,
        0.39043754472813197
      ],
      [
        0.11139030925684436,
        -0.12945411717409433,
        -0.1386070943138215,
        0.3153327720181231,
        1.0,
        -0.11819547992683671
      ],
      [
        0.45957386237946346,
        0.36242380698633525,
        -0.36822735985770677,
        0.390437544728132,
        -0.11819547992683672,
        1.0
      ]
    ],
    "ocean_corr_5x5": [
      [
        1.0,
        -0.21596926023520932,
        -0.2811296497682417,
        0.37082569368182255,
        0.10705721114174042
      ],
      [
        -0.2159692602352093,
        1.0,
        -0.3319141119851242,
        0.1265186812944372,
        -0.022483026766286395
      ],
      [
        -0.2811296497682416,
        -0.3319141119851242,
        1.0,
        -0.21524815499017894,
        -0.3629915481122017
      ],
      [
        0.3708256936818226,
        0.1265186812944372,
        -0.21524815499017894,
        1.0,
        0.07973570077973295
      ],
      [
        0.10705721114174042,
        -0.022483026766286395,
        -0.3629915481122017,
        0.07973570077973295,
        1.0
      ]
    ],
    "combined_corr_11x11": [
      [
        0.9999999999999998,
        0.3946700233057181,
        -0.30532293559358775,
        0.7326564830011394,
        0.11139030925684437,
        0.45957386237946346,
        0.3576390830711262,
        0.14945855293046262,
        -0.3067523611715302,
        0.7356309649433884,
        0.017709408059453223
      ],
      [
        0.39467002330571804,
        0.9999999999999998,
        -0.3519592311392668,
        0.42092758536240393,
        -0.12945411717409433,
        0.36242380698633525,
        0.21406802320453364,
        -0.041683447469447736,
        -0.27574681715156113,
        0.5228710999372003,
        0.6181638238315453
      ],
      [
        -0.30532293559358775,
        -0.35195923113926675,
        0.9999999999999999,
        -0.19171348790861642,
        -0.1386070943138215,
        -0.36822735985770677,
        -0.3028156656690533,
        -0.2108759097147281,
        0.9214830782311653,
        -0.28631550656728055,
        -0.3694811178621105
      ],
      [
        0.7326564830011394,
        0.42092758536240393,
        -0.1917134879086164,
        1.0,
        0.3153327720181231,
        0.39043754472813197,
        0.3084108082759185,
        0.2513772893894554,
        -0.16921956263676288,
        0.9043605229651188,
        -0.008740232608786027
      ],
      [
        0.11139030925684436,
        -0.12945411717409433,
        -0.1386070943138215,
        0.3153327720181231,
        1.0,
        -0.11819547992683671,
        -0.1716254180395997,
        0.9223443830698834,
        -0.2342667852790328,
        0.19117964458823286,
        -0.17994541591482285
      ],
      [
        0.45957386237946346,
        0.36242380698633525,
        -0.36822735985770677,
        0.390437544728132,
        -0.11819547992683672,
        1.0,
        0.9011994385600111,
        -0.13982498343940136,
        -0.3415820355583336,
        0.4287877374804753,
        0.1293306125389135
      ],
      [
        0.3576390830711262,
        0.21406802320453366,
        -0.3028156656690533,
        0.3084108082759185,
        -0.17162541803959966,
        0.9011994385600111,
        1.0,
        -0.21596926023520932,
        -0.2811296497682417,
        0.37082569368182255,
        0.10705721114174042
      ],
      [
        0.14945855293046262,
        -0.041683447469447736,
        -0.21087590971472808,
        0.2513772893894554,
        0.9223443830698834,
        -0.13982498343940136,
        -0.2159692602352093,
        1.0,
        -0.3319141119851242,
        0.1265186812944372,
        -0.022483026766286395
      ],
      [
        -0.3067523611715302,
        -0.27574681715156113,
        0.9214830782311653,
        -0.16921956263676288,
        -0.23426678527903277,
        -0.34158203555833366,
        -0.2811296497682416,
        -0.3319141119851242,
        1.0,
        -0.21524815499017894,
        -0.3629915481122017
      ],
      [
        0.7356309649433884,
        0.5228710999372004,
        -0.28631550656728055,
        0.9043605229651188,
        0.19117964458823286,
        0.4287877374804752,
        0.3708256936818226,
        0.1265186812944372,
        -0.21524815499017894,
        1.0,
        0.07973570077973295
      ],
      [
        0.017709408059453223,
        0.6181638238315453,
        -0.3694811178621105,
        -0.008740232608786027,
        -0.17994541591482288,
        0.1293306125389135,
        0.10705721114174042,
        -0.022483026766286395,
        -0.3629915481122017,
        0.07973570077973295,
        1.0
      ]
    ]
  },
  "openai_3": {
    "model": "o4-mini",
    "n_chars_used": 60,
    "hexaco_keys": [
      "H",
      "E",
      "X",
      "A_HEX",
      "C",
      "O"
    ],
    "ocean_keys": [
      "O",
      "C",
      "E",
      "A",
      "N"
    ],
    "hexaco_corr_6x6": [
      [
        1.0,
        0.6135906783921876,
        -0.19603752527527216,
        0.7261607104090958,
        -0.00011293907020673037,
        0.3691301695896928
      ],
      [
        0.6135906783921875,
        0.9999999999999998,
        -0.22579901315233122,
        0.4500626206256647,
        -0.20613389033905988,
        0.2730863125717621
      ],
      [
        -0.19603752527527216,
        -0.2257990131523312,
        1.0,
        -0.15770861364793123,
        -0.2133520836499768,
        -0.24293077969429344
      ],
      [
        0.7261607104090959,
        0.45006262062566466,
        -0.15770861364793123,
        1.0,
        0.21376241895020606,
        0.30529576136601744
      ],
      [
        -0.00011293907020673037,
        -0.20613389033905988,
        -0.2133520836499768,
        0.21376241895020606,
        1.0,
        -0.1342838831419003
      ],
      [
        0.36913016958969286,
        0.27308631257176214,
        -0.24293077969429344,
        0.30529576136601744,
        -0.1342838831419003,
        1.0
      ]
    ],
    "ocean_corr_5x5": [
      [
        0.9999999999999998,
        -0.2066826473116655,
        -0.22596977309099703,
        0.25173291717331087,
        0.16993800208073406
      ],
      [
        -0.2066826473116655,
        1.0,
        -0.200488345456068,
        0.048643858382440314,
        -0.42253051604416
      ],
      [
        -0.22596977309099703,
        -0.20048834545606803,
        1.0,
        0.11859781227102562,
        -0.13866184826540578
      ],
      [
        0.25173291717331087,
        0.04864385838244032,
        0.11859781227102562,
        1.0,
        0.06214863711101397
      ],
      [
        0.16993800208073406,
        -0.42253051604416,
        -0.13866184826540578,
        0.062148637111013975,
        0.9999999999999998
      ]
    ],
    "combined_corr_11x11": [
      [
        1.0,
        0.6135906783921876,
        -0.19603752527527216,
        0.7261607104090958,
        -0.00011293907020673037,
        0.3691301695896928,
        0.3928161849317993,
        -0.10835185574547444,
        -0.20027810518452746,
        0.6497026378424546,
        0.3237099719709293
      ],
      [
        0.6135906783921875,
        0.9999999999999998,
        -0.22579901315233122,
        0.4500626206256647,
        -0.20613389033905988,
        0.2730863125717621,
        0.3361509179023288,
        -0.2864780975628229,
        -0.15776654179646338,
        0.45797038023791886,
        0.7283783556996642
      ],
      [
        -0.19603752527527216,
        -0.2257990131523312,
        1.0,
        -0.15770861364793123,
        -0.2133520836499768,
        -0.24293077969429344,
        -0.2888656776865634,
        -0.2334492423161452,
        0.7474119819138809,
        -0.02937024879182101,
        -0.2680926123520518
      ],
      [
        0.7261607104090959,
        0.45006262062566466,
        -0.15770861364793123,
        1.0,
        0.21376241895020606,
        0.30529576136601744,
        0.22472254066411151,
        0.15971216187905443,
        -0.029885163160991223,
        0.8740348928318594,
        0.09152205179412162
      ],
      [
        -0.00011293907020673037,
        -0.20613389033905988,
        -0.2133520836499768,
        0.21376241895020606,
        1.0,
        -0.1342838831419003,
        -0.2093861152510694,
        0.800455758955059,
        -0.13825988822639979,
        0.1000986938216806,
        -0.33827995426196705
      ],
      [
        0.36913016958969286,
        0.27308631257176214,
        -0.24293077969429344,
        0.30529576136601744,
        -0.1342838831419003,
        1.0,
        0.7977585895070708,
        -0.16313062129879413,
        -0.14087301895943602,
        0.28755897820334597,
        0.2120522558589872
      ],
      [
        0.3928161849317993,
        0.3361509179023288,
        -0.2888656776865634,
        0.22472254066411151,
        -0.2093861152510694,
        0.7977585895070707,
        0.9999999999999998,
        -0.2066826473116655,
        -0.22596977309099703,
        0.25173291717331087,
        0.16993800208073406
      ],
      [
        -0.10835185574547444,
        -0.2864780975628229,
        -0.23344924231614522,
        0.15971216187905443,
        0.800455758955059,
        -0.16313062129879416,
        -0.2066826473116655,
        1.0,
        -0.200488345456068,
        0.048643858382440314,
        -0.42253051604416
      ],
      [
        -0.2002781051845275,
        -0.15776654179646338,
        0.7474119819138808,
        -0.029885163160991227,
        -0.13825988822639979,
        -0.14087301895943602,
        -0.22596977309099703,
        -0.20048834545606803,
        1.0,
        0.11859781227102562,
        -0.13866184826540578
      ],
      [
        0.6497026378424546,
        0.45797038023791875,
        -0.02937024879182101,
        0.8740348928318594,
        0.1000986938216806,
        0.28755897820334597,
        0.25173291717331087,
        0.04864385838244032,
        0.11859781227102562,
        1.0,
        0.06214863711101397
      ],
      [
        0.3237099719709294,
        0.7283783556996642,
